0	0.985477961015163	0.439012557774161	0.691245759075715	0.720157762485712	540.500009807034	555.169730695585	0.001869903818968	4.88492213701829e-05	0.0520230275043286
1	1.18932640696876	0.319229008625779	0.743534400182673	0.700901603943979	751.160123157832	520.370834306296	0.0030707754963465	6.80725867024157e-05	0.0631645190941636
2	1.03375185735575	0.397774792492597	0.696572199060271	0.755043743742475	704.189969470931	593.971276655793	0.0023697983180793	4.12688969662413e-05	0.0548286935165525
3	1.00062961742644	0.369304621314837	0.716811404921528	0.738104884656301	612.471486323824	676.695738743163	0.003717662437718	6.76617405312136e-05	0.0583659114504699
4	0.924927853402268	0.583108696304262	0.643433303788511	0.640175466615862	680.846389484488	452.304830306934	0.0018258067394917	3.98386761378497e-05	0.0539768697263207
5	0.853170788818453	0.3829178969293	0.628442706231856	0.853655846229133	747.556702266965	510.730672582156	0.0028247946954332	8.5369436056586e-05	0.0840840238379315
6	1.1771604776874	0.32554607375111	0.640080290735803	0.78395473387558	448.811380095366	580.198392789397	0.0026619088053082	7.57853562966921e-05	0.04637992103328
7	1.0156785190597	0.55489660281274	0.667883916032604	0.742060838979669	649.727350787984	825.210236126764	0.0030355211629609	6.40326688913629e-05	0.0424695960595272
8	1.10241327006887	0.450778304291889	0.808201715108007	0.746913732188599	810.027801622119	650.457703705049	0.0025662296179216	5.51452398698311e-05	0.0642745880333241
9	0.634337672084156	0.281810612154918	0.597577594848764	0.770521421653684	429.524961120139	540.901407570475	0.0035439075548589	2.08345955801196e-05	0.0316062953453511
10	1.06308168159643	0.500562459236632	0.622695970498025	0.676970204942239	484.582772935844	435.494772065431	0.0017530397718617	5.92715509957634e-05	0.0157128092667554
11	1.14143385375953	0.433632832133315	0.548118423705714	0.768869216594224	320.661096564598	807.73678659358	0.002189203550325	7.42526254784316e-05	0.0305214494988322
12	1.23988051841346	0.422933029135068	0.73018111191276	0.77403580908974	281.353995986283	569.441946703527	0.0024415320725723	4.29698247783817e-05	0.0755448469098192
13	0.841979830466314	0.30700427542751	0.838640779371684	0.891031915782951	300.721878450778	803.792487064169	0.0026087070702652	6.59793001096696e-05	0.0608250616304576
14	0.935404601768177	0.328926117003171	0.653736351921947	0.82339362506289	346.728480110566	893.68761336224	0.0022517851857778	4.50847530311439e-05	0.0215677817089018
15	0.914482808345929	0.443844024317546	0.562053206783409	0.686805141110284	941.054734279298	712.622824745874	0.0033681322704923	3.40760965126101e-05	0.0555744641080964
16	0.802217627446064	0.345796510928	0.656529947938397	0.613608660980438	477.035411368642	722.112555510054	0.0016339178084551	3.54979335304815e-05	0.0788405913580209
17	0.794612771368379	0.509988590780025	0.878474427972817	0.685666670779853	730.903533194214	816.028328902192	0.0015378257547194	6.65258461416233e-05	0.0674936013713013
18	0.830656358902343	0.406293159070321	0.824840987817281	0.819531676177091	837.713653422478	936.974778717591	0.0022768012655588	4.0876960638212e-05	0.0168018098338507
19	0.70991884741363	0.562961776461452	0.618855562583647	0.70989266814276	519.274558985813	429.229618697945	0.0038835169279715	1.91222017949913e-05	0.0391965233851224
20	0.588233116827905	0.427562386561185	0.704910041421859	0.660315800518729	405.552060314351	459.045463725924	0.0020355675917274	8.05423573248554e-05	0.0441639106185176
21	0.895068857135872	0.476331733407246	0.67847090720613	0.798768836603655	534.054408375588	393.893304231266	0.0036039762198226	7.1389229986351e-05	0.0174878624277189
22	1.32235754022064	0.387513589206048	0.682437626722579	0.792220213419447	770.419785597672	637.331166408128	0.002315053211688	1.53465919925366e-05	0.0353942291566636
23	1.3723042293193	0.55032415700559	0.783954371015231	0.809755190248446	465.040678597159	344.880551081151	0.0020085541888761	7.76633952190168e-05	0.0340666810462717
24	0.950917314039543	0.350548173817289	0.702464669374749	0.659962642663935	783.700474378549	501.606038893676	0.0023658766508568	7.68781198004726e-05	0.074460806990508
25	0.653534908859163	0.49165118520769	0.590959494260864	0.643951314580627	261.91582105226	301.357429220031	0.0025974589396578	5.37791710423771e-05	0.0925925163417123
26	1.42801193713417	0.400186891477141	0.629053943911567	0.609583842305001	495.934369804131	517.766842090835	0.001860098481155	5.02099735052325e-05	0.0885552518293262
27	0.51745373595299	0.365429596832643	0.888154115087042	0.663877273875599	473.630569001867	381.388891459339	0.003583528368726	2.52891800648067e-05	0.0232597359304782
28	1.2965385342767	0.362129470147192	0.758172749574814	0.681123521947302	639.98413424318	972.346345531858	0.0027102357758441	8.14657192481682e-05	0.0247614151276648
29	1.40005077918371	0.394021676989893	0.823271139929485	0.865878401853455	372.343545407057	955.122884325683	0.0032402574669569	2.14228857934941e-05	0.0806760617932305
30	0.882567863419859	0.3587279563511	0.542675836186649	0.783113404527927	678.137042501734	844.918268364337	0.0011743611733739	6.07815352550242e-05	0.0253434903919697
31	0.658875690022897	0.54321960143745	0.849863468154023	0.668340616034499	763.437823824998	682.563028904713	0.0021634568522761	3.6013912078226e-05	0.0228089262822177
32	1.12095727280765	0.237911325889743	0.806535751142849	0.716788498635093	439.463424806794	420.385711648398	0.001617744100086	3.32922679779585e-05	0.0561438598779496
33	0.961376523301523	0.352309037251398	0.720237249224964	0.733203149693242	929.056326169521	354.390257530742	0.0012433830085753	1.34714061543345e-05	0.0681340819164179
34	1.31750671274494	0.333511717554389	0.669377835749959	0.872256008101782	590.643550223774	279.191433704562	0.001977365478004	5.66799802943133e-05	0.0653279320625588
35	1.07291496423228	0.538226624397147	0.898151230376421	0.779435236924328	230.659833324866	472.056747817745	0.0014481867217458	5.14891093615442e-05	0.0729798428223003
36	0.761346987756487	0.581825845211537	0.833389209997323	0.834159877719358	633.838595456133	750.142528211905	0.0027612197546133	9.39240923705511e-05	0.0501942315027118
37	1.21184092224834	0.59088179291019	0.749385782158416	0.65587449378334	398.757078703493	992.358685241391	0.002962024302051	2.7928752837237e-05	0.0596706819459796
38	1.44998264921984	0.278795512474866	0.553436797918338	0.67084951931145	220.205217212852	282.069265399542	0.0016771117812022	7.93223025396001e-05	0.048036413268419
39	0.864131710975845	0.566932856324646	0.57592607917678	0.729057820754436	274.141701112191	483.792821131647	0.0015788324020725	2.3307223969372e-05	0.0494587256957311
40	1.16047646513002	0.525558585672536	0.522797716888082	0.800750373224728	851.753580303242	835.762445324411	0.0011012355751202	6.19988057189621e-05	0.0816273979831021
41	0.779028977552015	0.256208478403795	0.864131648451504	0.765423396974802	603.145897593349	789.28356030542	0.0034125937780831	3.82418199374806e-05	0.0797463224329986
42	0.506116626259043	0.234299144981843	0.712214579894725	0.650541874602592	821.312925443053	240.876768639104	0.0033126857298969	5.43453185025137e-05	0.082204350392567
43	0.99507325477122	0.22413129575861	0.502969984268356	0.745116795031354	595.028449474937	360.335462708026	0.0027806245709691	2.97313904913608e-05	0.037183882530313
44	1.22477114542594	0.29589243397841	0.757007686595122	0.804165325728245	502.668325263593	490.072268545628	0.0019485776555258	9.18089742348529e-05	0.0120397553709336
45	1.45830423158283	0.247548379043324	0.846351582330341	0.845979896433031	215.067667727255	377.419574674633	0.0028952015654727	2.66430550578516e-05	0.0574273193413392
46	1.47596577683257	0.445130478265799	0.800176286819494	0.600739721948436	847.492995520847	588.101705198901	0.0017910291368374	9.79320337432437e-05	0.0436689125276171
47	1.30551475258803	0.494535607617969	0.634581489399489	0.631586041459038	378.278001145356	922.504457775503	0.0017024286551866	9.51102238129824e-05	0.0906008282371331
48	0.685702513140212	0.306103616239917	0.661283700802467	0.889201967384045	918.69407021751	211.594676543027	0.0024723084937858	6.33787740478292e-05	0.0474375823067967
49	1.02492737727136	0.261859831398146	0.853943910464231	0.822126454222016	360.747948462764	703.215380176488	0.0010027392949365	8.21434094954748e-05	0.0834325214277487
50	0.599677264809402	0.298090532735611	0.649913216578878	0.867708034987251	985.656326005442	252.454902124074	0.0034481127806395	1.03069998617284e-05	0.0957659796599764
51	1.20331641776332	0.251285489502673	0.767595349104247	0.635248066369289	954.407885233975	266.609484294636	0.0028500620084116	4.95889841325115e-05	0.0299208629899658
52	1.33663856119642	0.312466078808324	0.58249236527106	0.711404895177111	560.018260532783	601.911240044153	0.0039493909956421	6.20788701104466e-05	0.0869823146262206
53	1.14597011936001	0.532655473833697	0.886073357685366	0.827017945218831	893.887628873603	563.651033716483	0.0038344994828725	5.2672628850909e-05	0.0669069147000555
54	0.817127869392021	0.486266571609303	0.603495376773385	0.831587026293855	310.370131598579	732.748303274728	0.0014964533903558	7.2730225085048e-05	0.0853492963502649
55	0.630571962807638	0.522454493902624	0.536605101707909	0.625365910122637	661.481376714591	959.521476245589	0.0020796488819411	5.73761991336942e-05	0.0510425209638197
56	0.668218300600226	0.410883794274802	0.533757687918842	0.789313851622089	923.951976199945	770.109278474831	0.0036594340999843	7.39010168185923e-05	0.0738508877223358
57	1.36106209925428	0.285143496945707	0.53065436261913	0.85776891644656	669.695236043384	882.467935215682	0.0031093886471741	7.08395768098999e-05	0.0196505759977736
58	1.08549174880868	0.340571814502279	0.892062312329395	0.884202921933805	974.976173579279	532.812817336785	0.001399510374898	4.70277209219057e-05	0.0622051927705761
59	1.18732090132156	0.263746187561709	0.739262994439859	0.619706050065191	830.637105753024	759.516964755538	0.0025204435618283	3.03516395098995e-05	0.0892132215567399
60	0.610557995022585	0.273464800011781	0.733940229694256	0.810637837174969	554.125805205355	446.973565628545	0.0013270009176029	2.86873805571813e-05	0.0203936001334805
61	1.38058423465635	0.482936433619923	0.548998562326241	0.758452590859185	883.48943448522	253.967502440015	0.0031404023106132	9.9832110645948e-05	0.0715599179118872
62	0.906458065542392	0.322274701974044	0.690498391419856	0.895742384539141	242.223542251935	665.938611465196	0.0039057132890758	3.18985208284575e-05	0.0332771791813429
63	1.34516691313022	0.503700081363527	0.816857366735737	0.795574842696078	331.886370417972	620.283883487185	0.0029788973155121	9.2512457258068e-05	0.0875626779093873
64	1.09342697110389	0.463013736676011	0.78616383792936	0.622920073405839	449.663806801869	334.911623526778	0.0029001147326702	4.38769796204288e-05	0.0451263943198137
65	0.752462224804589	0.591298799196051	0.513145685731951	0.882567740751741	723.047919147131	295.993686899957	0.0015044698287344	5.85808852876071e-05	0.0274879696664866
66	0.555884198588319	0.557416470433689	0.505492086308077	0.860371344552065	527.530086160534	885.079745368825	0.0032829634032057	2.49429003742989e-05	0.0360927231349051
67	1.28771713891118	0.220368768327559	0.87099684911987	0.751233229488134	958.240968218694	405.589881063335	0.0039998155810094	8.86472057562787e-05	0.0936583208427764
68	0.974787257153851	0.467582613916861	0.763073829485931	0.715247844556967	995.198624601795	740.45159863929	0.0037476988436188	1.25577158564702e-05	0.0149993727754336
69	0.54425152198722	0.419639983434851	0.723628753848995	0.85007811310313	904.950389437791	855.2361278298	0.0021257480726111	1.13917904810514e-05	0.0977352751498111
70	0.733571321105895	0.515907557393528	0.775149093635587	0.648283615544594	735.041442451378	320.975275116248	0.0037776108333375	9.00940794870257e-05	0.094013346437132
71	1.12647180941163	0.208310740834309	0.565567696628471	0.840131198111145	421.172762763583	631.006416113426	0.0022054841320573	4.45143029361498e-05	0.0980033002262935
72	1.48089898572976	0.456499112643715	0.57237340756899	0.63690105307304	693.032861155354	987.020387332886	0.0011635707298681	3.26477241280954e-05	0.0263964714205358
73	1.25220746924945	0.534475661336134	0.585348662052097	0.6963992713547	294.730590675026	764.571867854231	0.0035073225769757	7.82795218245592e-05	0.0282708257366903
74	1.27561181825586	0.459845596504294	0.748230994029178	0.839408730914195	970.356764083521	870.827654995438	0.0019231654341332	8.47367026682477e-05	0.0130687816657592
75	0.55367236655309	0.291674566147849	0.795288653082939	0.691387571160837	394.548747773386	662.110479116026	0.0036890171797635	8.66032640929334e-05	0.0389011043014471
76	1.25725672571765	0.599476516420643	0.831826175925218	0.703805318116987	866.513612069603	784.199428833607	0.0014151450759576	9.87946580061689e-05	0.0961485518759582
77	0.775751752750431	0.513572203558352	0.607229258745081	0.627738751534683	622.085701968107	328.34479080927	0.001043558168093	6.94077608655207e-05	0.0763251814253163
78	0.572980270159638	0.214538321070787	0.775652636308223	0.723717038652394	801.232949170387	908.076299397896	0.0010830188444505	8.73352014615666e-05	0.0704738394543529
79	0.730851706440767	0.375617274402951	0.874993424761213	0.815336637744525	572.703075253715	203.958446640107	0.0026682817377072	1.64043817496859e-05	0.0910297019071877
80	1.49473442968447	0.270681264694366	0.791028113507976	0.699537486408371	355.162929497245	861.439741616034	0.0031992978863728	1.79679432832636e-05	0.018064913545968
81	0.877610373468552	0.414906170752106	0.676740383675529	0.610313440847676	244.796069585201	916.636555929565	0.003801093644121	3.78344925767742e-05	0.0998335590569768
82	0.53065190799793	0.203400886230585	0.600506734294403	0.897584839183061	869.501749121894	981.053006286836	0.0034676171604155	1.48030354259536e-05	0.0411982153733261
83	0.618164215164466	0.571419418675618	0.812645601218359	0.735928157821763	794.53109415662	228.965402450413	0.0030142021461545	9.45071354252286e-05	0.0112770889496896
84	0.720440275532504	0.379757761431651	0.517401420609612	0.878928837240674	335.228953100741	224.532935418602	0.0033345654316091	8.94360036251601e-05	0.0612391720397864
85	1.39915501685658	0.228479402159444	0.56963534791126	0.876377318992745	575.313027658396	398.252806694557	0.0013567116845243	1.89212325487752e-05	0.0100348869082518
86	0.698516334050025	0.471797257348274	0.859983703005645	0.761227946104482	269.588264363507	939.367687931905	0.0012884457095526	4.68199363946915e-05	0.0403639242504723
87	1.04765942795461	0.244384839686876	0.519926301463404	0.604528974932618	893.070918981814	691.44325768989	0.002409193584059	8.34513835115358e-05	0.0329070898932405
88	1.43926618313158	0.212626190175199	0.864955665295323	0.673631836464629	204.179908755339	310.426012544582	0.0012201109694239	9.6929767298745e-05	0.0770474034266081
89	1.41763873649761	0.577525652786717	0.611673546098173	0.848536363672465	715.006525961475	616.828805367566	0.0032012890189187	2.25411226924043e-05	0.0692629091462586
0	0.662021395502837	0.294597516496693	0.847417796271272	0.675306453921251	844.441615058715	811.391073307747	0.0014265562472611	4.75924367473454e-05	0.0708849422584424
1	1.39033743841701	0.324267974709441	0.887075670551633	0.616424079291924	960.773213886567	477.56124111215	0.0013828964885094	1.29095484375806e-05	0.0511554745045646
2	0.809871934721599	0.335484412368249	0.845266850981258	0.738012234701059	707.528629424109	291.127224863295	0.001996040084575	5.30704330446181e-05	0.0161308649078994
3	0.728933623895258	0.360759514662628	0.793043868408223	0.625133096273938	403.452189546766	411.507184360618	0.0013528736824791	7.39666183257644e-05	0.0661803164040619
4	0.61918065246009	0.261455674747599	0.795443258503921	0.720728058735777	952.839821843618	327.191273232394	0.0010522120633508	4.28409925085418e-05	0.0222047124400591
5	1.24651515491644	0.32254288268806	0.802833113621038	0.607881464498289	528.68992212614	341.032703516266	0.0036088827476321	1.55829668043537e-05	0.0113710351603493
6	0.723105961204364	0.482656355083204	0.802426838215963	0.770815198054994	207.53963271834	412.405951389983	0.0023716094236728	2.10343229718145e-05	0.0385207735019097
7	1.22987377356732	0.225228358641021	0.817013310839637	0.619262713083943	768.999172829214	252.895658363602	0.0010454600524281	9.2901641103186e-05	0.0741427569495581
8	0.556999250534871	0.534169151631069	0.796207717969836	0.691403134148036	511.071631611599	775.493692246851	0.0037814246516649	2.45923618530479e-05	0.0506104006668239
9	0.529767873602185	0.457813786403876	0.8181938510294	0.690668689733961	475.545706608201	632.262846534307	0.0023958536389246	3.93978187894755e-05	0.0417810470778321
10	1.01704685840624	0.424658730269337	0.869162752811598	0.779521885261636	726.126912686802	464.483335444229	0.0014595119115623	7.5994335853271e-05	0.0303749929260172
11	1.44760801071131	0.239464140596468	0.840304979402995	0.693553524299444	341.269780332958	397.135318804285	0.0025791314587614	4.59833667417703e-05	0.0172569638569371
12	1.1527011954389	0.232986345597633	0.82475859188617	0.615716755774754	705.718336070632	252.032056667994	0.0012197309843815	4.01118057091194e-05	0.0977347934386198
13	1.49735267006003	0.249411020061865	0.857008524736403	0.636973138712585	829.987736694379	308.501925299125	0.0018747555165991	2.73363923370399e-05	0.0474266980987223
14	1.03081063320966	0.284504666840123	0.823727893371776	0.603553933621855	495.771707667483	387.944536362307	0.0022201852778927	3.83674057367697e-05	0.0153556793853894
15	0.654590815639817	0.375721321547164	0.78668901629509	0.739243254374857	753.904472036771	556.532863219951	0.001558608819648	2.35696000664604e-05	0.0136115008247009
16	1.09784163976848	0.403510676599269	0.812011027886347	0.733287888718531	590.608468285906	735.236452360918	0.0015120710241925	6.4768289940323e-05	0.0218233887965948
17	1.36625952333289	0.320755406253332	0.84417634688816	0.71132032638614	679.3256040268	831.703085979592	0.0017047094280373	1.78194212037047e-05	0.0812247009410204
18	0.724513628873218	0.549580608455338	0.747270143810239	0.673159029504429	253.995959276904	915.373870215819	0.0027288634210013	1.01813401397376e-05	0.0509562319105299
19	1.46878154484451	0.36222304411096	0.791961453538726	0.767680492878731	877.511721438623	476.984590773451	0.0013121573783134	7.43719022519636e-05	0.0878768719135493
20	1.13421550787872	0.363582069516047	0.804106711376033	0.627684859364941	292.027811462156	269.50715423669	0.0021946849372532	1.48144774979101e-05	0.0342704656451196
21	1.04039095903809	0.35714928339273	0.85339042193461	0.849533491324652	787.135520824831	572.443638730018	0.0017124861355151	2.30021148832797e-05	0.0907931260864157
22	1.32925492043772	0.287976200335164	0.812895122892395	0.655896041285543	304.04362597369	606.840327989431	0.0031945029844242	2.73939227329224e-05	0.0986240335794331
23	1.40052103873343	0.250750684505038	0.843008713664573	0.754682099334681	280.845546996467	947.388048366681	0.0014981816573226	8.91222598197675e-05	0.0251500471183527
24	0.803034774936743	0.451979263730174	0.823060064396965	0.823695206415389	677.219583903593	563.432100220927	0.001345528489058	5.86290668298687e-05	0.0277036670319739
25	1.3890748702706	0.21957846526432	0.834532122479509	0.764471016472977	604.473695044725	862.717756596941	0.0011772344826131	2.22602810460425e-05	0.0831245063440168
26	0.525994789077039	0.472012530270412	0.856098917135382	0.827150570909894	440.589411188105	912.127886182422	0.0024244904563027	1.74408370697374e-05	0.046722755206902
27	0.760527295945239	0.479107369512239	0.885995923215285	0.646874585074097	526.818549258805	355.014366585251	0.0019222354118456	1.77228362100346e-05	0.0657104653538819
28	1.22380314510031	0.27859133793864	0.881664447370686	0.69384669271013	888.635173288726	303.475176914046	0.0029797616792538	2.28252169395697e-05	0.0947313921422312
29	0.562626130498146	0.510617010490593	0.82791676957743	0.607678254385355	807.676665864098	886.67574223609	0.0024126154257153	3.63845609096902e-05	0.0238038589481861
30	1.36245368975178	0.344365324389585	0.816538788179387	0.887896693454702	728.225695236582	580.982366015353	0.0017410662212624	1.19346538509894e-05	0.0359360482962961
31	0.922483988885923	0.329033826229843	0.783156764825667	0.714613052334532	834.751001496792	604.640479203925	0.0015596279215422	2.55538025161916e-05	0.0617993241776728
32	0.577804693043489	0.583043956893725	0.797218586721451	0.778551581131931	831.443601475435	627.674310720403	0.0014165889305293	4.41461557302833e-05	0.044017270534903
33	0.664797284126849	0.47777316002831	0.814676925759818	0.612081484675163	594.633621537147	710.746685058843	0.0038922459352951	1.50772639759023e-05	0.0101865509829406
34	1.29716098376601	0.371365478664715	0.849246742073732	0.605404250629863	244.033225458316	396.194958783822	0.0026959565577412	1.88577990838266e-05	0.0979389161242924
35	1.24225081480796	0.398896581045374	0.805120904967908	0.670702396910336	945.326157946781	249.151327690741	0.0020868417968742	1.47012193583537e-05	0.0330244601788388
36	1.26443565800595	0.306715840502806	0.858076167368731	0.668044427954877	597.591101943871	505.4298949054	0.0016738300337916	3.99041643747592e-05	0.0569845459026878
37	0.867971488724826	0.259304653597263	0.815969753674084	0.604806108291902	668.960726532127	394.379405331021	0.0013153132981945	7.91855326631254e-05	0.0105086711892268
38	0.504325607639496	0.424049659409496	0.88842096775162	0.681744903775394	925.674965565792	328.148057849095	0.0010584077747674	2.00271632469393e-05	0.0891817312791279
39	0.642333880459815	0.513446601580888	0.720385703722397	0.758035176633294	333.566621143724	877.599927123312	0.0031057988150581	2.62453629295151e-05	0.031128624508132
40	0.816589624604447	0.269882049419521	0.88502662758756	0.659050222212097	300.468388026763	428.517897750956	0.0023493769242098	1.97531503288661e-05	0.0308109851968015
41	0.958974559890944	0.283319568432908	0.870042393460641	0.672879276768895	533.457335042051	705.231544225964	0.001698283593889	2.24040899567704e-05	0.0339535342451515
42	0.570310958758714	0.58937012521769	0.8468372862391	0.656790650580031	893.315601163776	798.990476186018	0.001266492651892	5.37689737539724e-05	0.040250006129448
43	1.35411945135097	0.275185909675786	0.841597632363318	0.778263460428397	739.133836216019	490.294706989936	0.0021526199074297	4.91362381520208e-05	0.0886725846854288
44	1.36874220118443	0.225718676150935	0.873176331709529	0.653928412400341	514.011562644191	241.350229497214	0.0023940842091486	4.33712751658402e-05	0.0981971921918444
45	1.09727690365638	0.276461403394326	0.880561320154522	0.642505478170412	313.458215977102	288.321046045707	0.0031998839774649	2.47566110217346e-05	0.0700968684820463
46	1.25475407173169	0.377583971386273	0.836636388685009	0.879397847841246	602.590455703357	809.751209849571	0.0014022088338528	7.75688011052041e-05	0.0401307971544605
47	0.607427459687454	0.384145685693398	0.743337990495935	0.671738146209504	310.454091184002	756.904652737259	0.002209496005159	4.52608400640979e-05	0.0912293263349335
48	0.5368237375859	0.475061196315196	0.826541678698586	0.682107315002782	957.811048593793	432.125440611801	0.0018581674183572	2.55351273641561e-05	0.0448540343777824
49	1.30635003362331	0.420824113682553	0.786146835847623	0.817302625470999	582.18542394397	783.231659051748	0.0012696622694224	5.81167890372673e-05	0.0644960399691906
50	1.29227072404949	0.268780276297249	0.829810388457381	0.678025699590826	217.868034665995	439.737604057426	0.0023158881364047	3.64711037715794e-05	0.085551953747011
51	0.664142319457664	0.472944949769395	0.782471543733794	0.638862038304311	805.969269172495	216.528491775068	0.0019796961140755	5.72981376561385e-05	0.0553895660323802
52	0.588403618965252	0.327273422979772	0.892921858810868	0.621979200540212	479.040992434503	519.217177128344	0.0020741462903263	5.5819758484973e-05	0.0292453848408238
53	1.11981547042761	0.426756971739529	0.842373185386973	0.821279936693085	516.379188397166	523.978422914485	0.0026119914508017	1.36022769645677e-05	0.0945020891110662
54	1.07936398321771	0.389221022737227	0.79789868472932	0.628634240977138	850.430852544326	828.379887940488	0.0011502240092645	7.57802699507235e-05	0.0473258882883287
55	0.891648483631999	0.461718273390357	0.745241722088595	0.697602383724376	367.374183979966	502.104621251208	0.0023682976706144	5.25659960853467e-05	0.0934901491951775
56	0.510498708035096	0.422992488428419	0.870866517822878	0.801160209981234	947.068270896326	631.50656926205	0.0013749801861673	4.85723875149382e-05	0.0115197675150154
57	1.16853221338972	0.393532618300588	0.844991090036781	0.745574056741693	476.826422488394	831.965827299858	0.0018971475489188	1.81476764157541e-05	0.0110800790907641
58	0.598846580952322	0.491950025107798	0.810272479079894	0.731968578674237	209.425513082687	554.215603681204	0.0028074712846146	6.83013155502886e-05	0.0134114399576025
59	0.974372505980889	0.265673645949525	0.829547474551354	0.726549081074818	539.929590587256	330.632264197427	0.0014451435223758	6.54251460150222e-05	0.0665718582847586
60	0.578820580567277	0.424643105038583	0.878430312172304	0.639245410564275	871.908974271079	515.566031665587	0.0022531950810822	2.11948545603954e-05	0.0319863448034436
61	0.788222869071995	0.476645216078713	0.81219539616753	0.83593522952814	796.811462848985	940.294362027103	0.0018065461399889	1.8426298326063e-05	0.0847905316398109
62	1.13550772222485	0.240280960920208	0.858427803109684	0.618791997013257	227.67701108455	813.464568698676	0.0026590941966851	1.39045834012553e-05	0.0588071729099494
63	1.32000791605389	0.205535400451956	0.843460073971022	0.657717761936125	796.038222841576	917.869794096592	0.0010267567139732	9.071123400381e-05	0.0997924836344614
64	0.764841025726143	0.580213575548461	0.821429154436193	0.737921051244296	543.774181007514	354.271915038092	0.0022964456912778	1.77164736804608e-05	0.0645455295960792
65	1.23372680320305	0.257483822279618	0.850744500315723	0.696072500672118	792.681374101837	802.191188377537	0.0011050860950016	1.6916767123502e-05	0.0271000352776427
66	0.956681569467295	0.389817929079345	0.841289069292584	0.841546368380704	348.708609030103	372.836775039595	0.0014074292898259	1.17390070510417e-05	0.0230244340002854
67	0.858842540140597	0.496234047430801	0.752714019237919	0.78046062508732	705.255229766272	523.073213463274	0.0010855021307977	5.09688380285677e-05	0.0927306941260141
68	1.37387590499318	0.344865618667458	0.853835140903835	0.614634855802122	662.480459179283	384.752685574879	0.0022030991238603	2.36182108817874e-05	0.0455403654888793
69	1.38346634267603	0.266719970104857	0.863125900300997	0.682806277671096	352.616876098795	410.605497676763	0.0020562728953232	1.42972976166606e-05	0.0766294520011995
70	0.839133011161316	0.376101053998029	0.774122124368485	0.773014426973071	423.682179594754	483.176514538072	0.0014411040716562	1.02902646900989e-05	0.0205743256283391
71	1.34553505175891	0.340255230544362	0.826716267810748	0.607125545094532	216.080904089672	792.419727651581	0.0017801311289014	3.4715470569474e-05	0.0164233446772785
72	0.701643429613264	0.553651489011472	0.7763310245417	0.668603828018793	392.064384499661	453.090850131936	0.0037962669911695	1.36707641224471e-05	0.0906406271736157
73	1.19395494966584	0.335858915987954	0.840759493096074	0.689427195659845	376.115613879212	830.430607516625	0.0019757109067444	1.03882599212713e-05	0.0935301668525775
74	0.934183227978906	0.300106561995359	0.869888145476897	0.793139317458507	967.922204296691	334.278971155125	0.0015543654755295	3.91052816089622e-05	0.0951326951066752
75	0.549930372671925	0.438766756479685	0.737244561878506	0.752564536446501	699.088316966295	596.321120982157	0.0016161948277934	5.45842743612623e-05	0.0881735207705268
76	0.722127468308803	0.225622806136699	0.792729556989528	0.634723947381322	722.312551752169	314.056173603493	0.0010901330126758	3.57670108437756e-05	0.0250420417416654
77	0.605499642675696	0.245310006504175	0.852577375562693	0.638052228252162	668.295032024164	461.12666453834	0.0010001839139364	6.55093244846047e-05	0.021696147515456
78	0.983778282503128	0.449597816156992	0.822738174399311	0.738404864404316	878.594898891755	677.974250064692	0.0014093685878347	5.43885514478983e-05	0.0817797599431108
79	0.84026271705082	0.425294372327055	0.77106614189195	0.667460943532598	541.424729672622	951.396221300182	0.0017348108115234	6.71496806892501e-05	0.099069023263348
80	0.99247542812242	0.520361085561374	0.753338898144279	0.683284488730045	683.853289515863	290.020344895562	0.0012301329100711	9.47478841847361e-05	0.0144765006304001
81	0.728251373081049	0.45751180824179	0.764724641924482	0.772172414757045	929.109635444391	216.999799804101	0.0012504328556253	2.14969429534263e-05	0.0945405298743827
82	1.11257427783214	0.23868001394581	0.840619571969994	0.636592772050905	794.517488659913	757.188457137102	0.0013590332149663	4.95965496139098e-05	0.0508821295888688
83	0.506070889511544	0.502624321686266	0.861793591368104	0.662778916928816	611.122290352396	595.973238793309	0.0018390035727358	2.52881258627435e-05	0.0470122242147489
84	1.11176758937362	0.404722374486211	0.787320701804325	0.69265476595301	334.159014632419	786.120617563145	0.0026155107380378	3.47997309604035e-05	0.0935627008784837
85	1.09203893707273	0.230303289137108	0.881338605019415	0.619576812605493	963.660192227521	755.345795583879	0.002321783102234	3.90648751917059e-05	0.0972970769746432
86	1.19952733765797	0.333673439661971	0.819496940485424	0.609536698609043	834.446925414681	638.996390478706	0.0013142972524488	8.22213046767216e-05	0.0750524456122512
87	0.847981275602422	0.590960640468714	0.728999220024877	0.761112781988458	329.132936888653	395.124973415004	0.0021127600048381	2.45284537485883e-05	0.0239715332178807
88	1.23234507757171	0.332617371051093	0.811315026036202	0.719416429799366	856.495529891419	659.522971985063	0.001625595099627	2.69373959669204e-05	0.0806434374730407
89	0.706561336809587	0.501790957485073	0.787471616784484	0.655758372829272	734.863087584617	567.624167580007	0.0025397580012399	2.82031528426301e-05	0.0908231902298132
0	1.00672484112343	0.295450078518397	0.855115309139091	0.6754113389612	827.867276847416	903.69912228695	0.0017306090918761	3.81079822392013e-05	0.0321987861827064
1	0.648290739352568	0.579463762691555	0.792101229897882	0.644654628834975	426.937240635323	450.90281017575	0.0020418567799816	2.40856159519949e-05	0.090233366872564
2	0.626421831261576	0.516715728241772	0.816800062874053	0.641726787837273	589.01050452058	202.728143443952	0.0014733656321507	2.18268509851543e-05	0.0633735829981565
3	0.90828063251957	0.431860863598028	0.838634670216625	0.787727509762641	250.445428133062	670.573095930898	0.0030736580960766	2.09740019955847e-05	0.0102642322737142
4	1.19356476178699	0.279423083107777	0.851695958520772	0.634648351014394	349.276574933449	919.41725403379	0.0025984101158696	2.18971982888872e-05	0.0188207479376637
5	1.11141631865626	0.38365096467953	0.821292997213844	0.694584547288515	822.063329012755	393.660991366815	0.001049276282136	6.11607532645057e-05	0.0772698542654311
6	0.526330657374714	0.516409552664134	0.803406842204202	0.649894621829337	883.610937326738	860.752584654292	0.0020402865902815	1.40887221139264e-05	0.0683962395111226
7	1.40720568289434	0.352951025977583	0.840353086317836	0.863270934880515	599.052127514714	268.877236602035	0.0020968914101506	3.90474092950719e-05	0.024531498802836
8	0.846340854854405	0.407622730824122	0.816693008003022	0.668168146300624	660.398948671753	499.115409480302	0.0010731437872935	4.65917625091239e-05	0.0340984516032618
9	0.679209606733726	0.555890816031344	0.783081285204183	0.619159178673969	642.632256989198	874.604666590376	0.0018291422810434	5.99458078098495e-05	0.0907113114985389
10	0.967031635828933	0.380144849483856	0.82537115251955	0.613118253139241	544.439792420927	617.21920858976	0.0013444827992858	5.39869904054427e-05	0.0117550158634675
11	0.770203307081485	0.506254845920701	0.846176057436317	0.67692336821961	547.690818627095	229.312767134294	0.0016484109006497	3.27314765740927e-05	0.0815247399766003
12	1.01992833260882	0.431677916405742	0.864109312252106	0.790375024378242	363.44098541373	833.974130288631	0.0029710933769422	1.98567737833328e-05	0.0767309248861113
13	0.777459996771519	0.466770391966807	0.847615247723044	0.617777306522986	752.142498770776	432.933940022788	0.0015597368099522	3.51419458017325e-05	0.0802646357729051
14	0.705129804297039	0.460464777817391	0.867280272773965	0.651719368850786	324.470797949893	442.21653927212	0.0028722711946533	1.03646580031671e-05	0.064616982081335
15	1.19685154683513	0.318469787799749	0.839923170060757	0.760116079553962	700.746905740588	389.858828298577	0.0019538183182821	3.53125863711965e-05	0.0292086838956503
16	0.605947475074045	0.481943434129252	0.807264558227726	0.674587927765463	825.966359060648	601.230459792683	0.0011255109830658	2.19305757074681e-05	0.0580676608207584
17	0.609120826444569	0.432867728439339	0.85035008169098	0.685887854287529	767.350099497566	423.88422927011	0.0013262567970656	2.10664052234982e-05	0.0222044033062085
18	0.849625665430129	0.530001483135471	0.804023516488399	0.627272987120827	553.640774931099	907.63784204347	0.0025530046972442	1.62283466304774e-05	0.0791767799207514
19	1.07306135134001	0.3406502787884	0.797508738968396	0.683007004427977	353.492170846252	292.281191173867	0.0018489371078489	3.67712415477556e-05	0.0115459481499523
20	0.713731002012373	0.578879620470019	0.850069598960375	0.81576363039503	664.746020637733	996.964075944152	0.002322358737625	1.37883458682346e-05	0.0231135752568222
21	0.537225601252383	0.516007745108823	0.772211979028049	0.644424342110496	415.509442859067	384.124583176045	0.0015331117242335	3.46192827586127e-05	0.0454760832792487
22	0.742017063804797	0.437366861151545	0.830725771110991	0.66154445680267	394.801810936089	967.796229087093	0.0019284674898402	3.9864548760943e-05	0.0627546231753726
23	0.653506057986194	0.502696643822717	0.778476863406916	0.680036914664899	991.986041266219	659.973603955919	0.0010546438921854	2.64252066414598e-05	0.0192323652531575
24	1.03428912391395	0.511277949611868	0.792654246944798	0.762744908739863	271.12478826597	409.71177736393	0.0033006485487166	1.55704566845927e-05	0.0252143442784168
25	0.909516728231805	0.467115887339834	0.819654879543745	0.760622662710533	482.583441101128	613.886792536872	0.00189510689959	2.56149915841095e-05	0.0328819549454325
26	1.21656659508001	0.328253534271826	0.887007280928901	0.602024055423932	527.922313895317	965.230534089637	0.0027462035823178	2.44634719783888e-05	0.0477370863271914
27	0.697033295170167	0.43421200529157	0.835696448836841	0.611823277007732	461.457694846139	975.586455764325	0.002012184311053	2.64799804164568e-05	0.076390971027033
28	0.773671791602922	0.514595078990985	0.894884585461855	0.723953007454099	204.295565067835	293.445574868015	0.0030324106129846	2.0879547153127e-05	0.0378562423280883
29	1.21531076427004	0.355562013211882	0.807609402939656	0.710658945635153	355.156665788578	966.743524881902	0.0033816706582279	2.82259533207636e-05	0.0795246824162782
30	0.730940616948638	0.472190548954966	0.868280083722398	0.605167705561234	805.6277107224	657.173065607492	0.0017159524554309	3.36519858876754e-05	0.0664775398643365
31	1.00064453104169	0.404068819390382	0.812541886719057	0.647219575492523	782.633861579423	736.77718102865	0.0010653202665852	6.39349228715549e-05	0.0104143296103786
32	0.754689119933682	0.356080369032041	0.792303051840698	0.601530861247089	803.366030232344	991.546886565695	0.0011446897734449	2.93263559825026e-05	0.0421126176471154
33	1.21654032042578	0.365486191583159	0.853292217048837	0.760316637121218	601.696474245201	627.944283664076	0.0021764445018648	1.73531766515189e-05	0.0698304554203655
34	0.848548768142592	0.459597583759139	0.863290525932217	0.726373561034572	231.417180303515	756.179525495614	0.0033130925562464	1.2498119129185e-05	0.0340651201458949
35	0.711899189734251	0.496647692576879	0.846071879148335	0.706616544381323	349.649614458679	779.66147790764	0.0031536023350108	1.88225421666254e-05	0.0728266902835843
36	1.01024573453291	0.342586647849408	0.814450044480786	0.640581097803269	618.403277320018	683.614861863942	0.001517898750985	4.50219903143444e-05	0.0405868882138877
37	0.770836650892235	0.462287247547743	0.782199115105249	0.602113546548103	737.586384769096	686.252743538107	0.0013602581668893	1.37932522799466e-05	0.0281428377422405
38	1.44616272409681	0.330960206556543	0.827653356024763	0.613058113579505	390.758403460768	901.79525845241	0.0023674972551776	4.45266589321033e-05	0.0460098801208088
39	1.46202491083571	0.352164912054018	0.802878388491128	0.639261331823009	446.904681206871	667.604211408431	0.0023397233948904	3.04172178200469e-05	0.0759533604281291
40	0.806506996539747	0.337035283551033	0.835852821608199	0.633492119143546	949.415325990288	582.270074913871	0.0011841724671961	2.26737263439136e-05	0.0781050610037044
41	0.677969074307923	0.485729887962495	0.808921585806072	0.637908218780912	963.129009794458	782.299848508369	0.0016698538221486	2.50678300520226e-05	0.0666049963073718
42	0.586469248061361	0.599210229118688	0.790018618193535	0.639144325978387	458.104694117499	947.643292460047	0.0023022509342226	3.47611028173567e-05	0.0582606018702245
43	0.913438194122542	0.373108605958317	0.864178824946476	0.64931632404653	725.538076852534	993.854546142802	0.0022381956899107	3.40505142598086e-05	0.0403465872403026
44	0.779815514190325	0.471266641185419	0.817716516631161	0.621507804490931	337.836229689175	373.161502239673	0.0029053045049926	1.19979893668463e-05	0.0367577241400348
45	1.27114081896677	0.304030026068449	0.820674912166522	0.651308707408042	495.649971426741	659.780565945231	0.0022584248977952	4.52413956601743e-05	0.0268148392507645
46	1.23702560916255	0.331732907206788	0.856159982011735	0.68874179677952	375.784197175783	329.948305043772	0.0020555667401574	1.4124691925232e-05	0.0207321040613675
47	0.988710591584602	0.46498725584877	0.820581331366248	0.630872206732925	677.907540026225	903.969073712069	0.0017933971152807	4.65114150007669e-05	0.0911685228573818
48	0.725724526891865	0.46467216937033	0.886054489987654	0.637329166835872	494.686563347268	646.074758094617	0.0028641110789117	1.33174770845465e-05	0.0962996092111236
49	0.564863562405521	0.518363003304744	0.8459421302177	0.666828714753538	925.963056386872	627.834379995109	0.0015016964888224	1.8375327945977e-05	0.0776068974010885
50	0.677399452957731	0.409843885247996	0.793208634323821	0.600274350233174	535.495751972546	404.84480103093	0.0016933493447963	1.15592835941267e-05	0.0753186145905799
51	1.29795568773992	0.332212859134358	0.884011377676878	0.711650969984746	259.466001870335	253.182069909209	0.002921118779648	1.52137197494263e-05	0.0484410860589181
52	0.85404926588388	0.407673947217081	0.781369590538585	0.71618736534657	223.257095592003	299.885358858839	0.0029064667139922	1.30934089851086e-05	0.0253373726268727
53	1.04614977114349	0.350830925863294	0.820917197798877	0.671092060117112	532.033072838937	789.305521070509	0.0020989949222532	2.03558757666685e-05	0.0534182042521472
54	0.813367155395441	0.405596034995596	0.831058693491058	0.678065795752582	368.121169257346	672.479571012697	0.0024598294155712	3.4073766333648e-05	0.0290294810894064
55	0.944361258707236	0.406098921995095	0.780928751622204	0.629880753041971	526.156898815373	977.697368040018	0.0021768820319962	2.06228372762723e-05	0.0556881709223046
56	0.760207737042011	0.551667140584461	0.78857644098965	0.660651456593278	628.956815765852	562.946686929617	0.0014570314528542	3.02762667111049e-05	0.0809011731581578
57	0.87983216032602	0.453391022019946	0.815401245347649	0.751557989918066	984.28230146665	820.249255776701	0.0014377455932438	2.70235247034813e-05	0.0522651778966093
58	1.06763694603239	0.39843095060929	0.827339970184095	0.67425858932072	267.022643961678	542.766450461907	0.0023141994331434	2.7475516037994e-05	0.0829884908934004
59	1.21712000639767	0.263166098394458	0.842849978636961	0.677248841512218	813.130305667733	410.857452561715	0.0010109550877052	5.02186585363697e-05	0.0964908925486104
60	1.06229343188566	0.370718653983089	0.826737202806961	0.609370131761933	410.415600116492	700.379119710403	0.0026923681347751	1.03640928076536e-05	0.0745395590186046
61	1.08489199269407	0.384372345111188	0.812158190991138	0.681480710366704	334.330533466381	988.989431402453	0.002364101725327	5.93005078127242e-05	0.0280576337623849
62	0.60383972679606	0.561147615646509	0.86244238618993	0.715266488034984	640.089839066671	561.215168792674	0.0020697550144786	2.91414499934236e-05	0.0344052347852883
63	1.1824713272667	0.320626050527751	0.872285230579071	0.620967344055864	738.782637635068	896.677920070108	0.0024380779014677	2.62214746758084e-05	0.0191579883429344
64	1.05761967776718	0.403482231168444	0.79574668482339	0.662114736131786	646.912565563705	559.615955035671	0.001356385810162	3.00374431074722e-05	0.0526415786920456
65	0.706585829455243	0.4477846273341	0.847683872163722	0.639075708090114	476.763356445006	491.148575880475	0.0024358711585053	1.55505250237852e-05	0.0956355269875972
66	0.664726636657533	0.510399130768579	0.891642313020685	0.694011896209036	231.259645580819	245.251223016773	0.0026869641113585	2.24539712456654e-05	0.0993608619119552
67	0.947956100424392	0.394138724388514	0.854956551657242	0.738747738834099	584.465138709162	852.115045334891	0.0021638963672729	3.87602063071036e-05	0.0514293497092859
68	0.974001025733394	0.46230837818962	0.810591075543123	0.650018701591184	795.706045466037	678.76192476693	0.0011704743519584	3.70823941608058e-05	0.0702909515334665
69	0.835198652109092	0.33907480514066	0.827680735810944	0.646356334439518	983.390128133688	471.11751335518	0.0011276101963153	3.73120521073616e-05	0.0634746302833836
70	0.673884219620373	0.557418006168597	0.820488601505282	0.634183023695801	561.651857954087	615.299130452227	0.0016067543424497	4.47222576946347e-05	0.0777219708753536
71	1.17497713878656	0.384591512467733	0.86834222848241	0.733576806395528	715.529865011631	795.99777674299	0.0025305052486394	1.11054735863798e-05	0.0331475459533514
72	1.40810925146929	0.324031750534619	0.834656804256122	0.606795677318565	651.655668429159	773.950155947595	0.0021176278392394	4.25486774690437e-05	0.0360956720142421
73	0.687690377894515	0.488623111122587	0.820227077147229	0.728197701760464	498.203533652153	546.608217525858	0.0021342414394237	1.40550819517071e-05	0.0472354191295744
74	0.6963477938004	0.530712613666358	0.839504379112172	0.764082276625398	860.086800621056	385.711463002722	0.001310104255633	2.21222319253767e-05	0.0284536721097941
75	0.769746786622458	0.390608327631168	0.812565817051986	0.602273708746145	534.979791949053	277.94851910888	0.0011536737833454	2.85582531751035e-05	0.0685353767705578
76	1.45106394972028	0.333554466528351	0.830107765978991	0.73252770633219	494.857747542077	708.732074175465	0.0025437316111792	1.94361123967347e-05	0.0610851853838115
77	1.03076988975751	0.365252159808664	0.84547133850755	0.773310546705528	731.127355540916	660.62333453887	0.0021731484652464	1.51905315254902e-05	0.0123949584572794
78	0.732340900346683	0.584269234413699	0.799556660142762	0.656142096207388	703.222881358399	872.205548348415	0.0019346342041925	4.60883860931145e-05	0.0711254845834087
79	0.560954475934404	0.557220177256919	0.863215107196562	0.715734313689949	550.728418858197	766.321355248248	0.0022244568251492	2.89061136676407e-05	0.0609158861159369
80	1.36092244218595	0.325214869495082	0.788083643558893	0.665311478198733	461.059110772131	221.523658857778	0.0014248489137296	4.32696944152529e-05	0.0891477834484438
81	0.58246842268655	0.580010030402164	0.819524345207128	0.601685812727679	957.263744949917	863.447113370566	0.0011864424900151	3.66990264767432e-05	0.0358722599356695
82	0.518512784770232	0.558533696267281	0.7889077909811	0.626545500938349	306.360309304373	963.444097485376	0.0022596600543355	5.30730502393139e-05	0.0537093906161367
83	0.949160838094219	0.485279103385694	0.813206384012744	0.750922006275283	424.563779965469	981.701893162548	0.0023448083684117	3.40552875260521e-05	0.022637628742747
84	1.46692408234947	0.243602846635979	0.856628709580808	0.682023936744683	903.4334921691	927.784985427253	0.0014740121266989	4.40187879884954e-05	0.0413149295999142
85	0.851067081544585	0.451342883476076	0.844697724219773	0.644526158400452	438.527975514561	850.471893375779	0.0025531379072678	1.59495265334571e-05	0.0664328022100011
86	0.763750643838169	0.438834863224249	0.863470975601174	0.733825103323175	280.589090682405	346.052120724593	0.0031940154876809	1.17448026837478e-05	0.0241057044290777
87	1.44091760987265	0.293915716457019	0.82241337768364	0.812576903332867	829.266577363699	913.018755088097	0.0021069457330245	4.18298660225036e-05	0.0389404148045344
88	1.08927035895578	0.333767775939574	0.835536257295241	0.659939851094021	562.236059980447	957.887937540786	0.0017358649068111	4.80249770415725e-05	0.0205567201456841
89	1.37794797475492	0.35120386222702	0.844139687299021	0.743258063624874	365.368793940363	854.657987703921	0.0028480311671704	1.83495810269813e-05	0.0156794543937352
