0	0.985477961015163	0.439012557774161	0.691245759075715	0.720157762485712	540.500009807034	555.169730695585	0.001869903818968	4.88492213701829e-05	0.0520230275043286
1	1.18932640696876	0.319229008625779	0.743534400182673	0.700901603943979	751.160123157832	520.370834306296	0.0030707754963465	6.80725867024157e-05	0.0631645190941636
2	1.03375185735575	0.397774792492597	0.696572199060271	0.755043743742475	704.189969470931	593.971276655793	0.0023697983180793	4.12688969662413e-05	0.0548286935165525
3	1.00062961742644	0.369304621314837	0.716811404921528	0.738104884656301	612.471486323824	676.695738743163	0.003717662437718	6.76617405312136e-05	0.0583659114504699
4	0.924927853402268	0.583108696304262	0.643433303788511	0.640175466615862	680.846389484488	452.304830306934	0.0018258067394917	3.98386761378497e-05	0.0539768697263207
5	0.853170788818453	0.3829178969293	0.628442706231856	0.853655846229133	747.556702266965	510.730672582156	0.0028247946954332	8.5369436056586e-05	0.0840840238379315
6	1.1771604776874	0.32554607375111	0.640080290735803	0.78395473387558	448.811380095366	580.198392789397	0.0026619088053082	7.57853562966921e-05	0.04637992103328
7	1.0156785190597	0.55489660281274	0.667883916032604	0.742060838979669	649.727350787984	825.210236126764	0.0030355211629609	6.40326688913629e-05	0.0424695960595272
8	1.10241327006887	0.450778304291889	0.808201715108007	0.746913732188599	810.027801622119	650.457703705049	0.0025662296179216	5.51452398698311e-05	0.0642745880333241
9	0.634337672084156	0.281810612154918	0.597577594848764	0.770521421653684	429.524961120139	540.901407570475	0.0035439075548589	2.08345955801196e-05	0.0316062953453511
10	1.06308168159643	0.500562459236632	0.622695970498025	0.676970204942239	484.582772935844	435.494772065431	0.0017530397718617	5.92715509957634e-05	0.0157128092667554
11	1.14143385375953	0.433632832133315	0.548118423705714	0.768869216594224	320.661096564598	807.73678659358	0.002189203550325	7.42526254784316e-05	0.0305214494988322
12	1.23988051841346	0.422933029135068	0.73018111191276	0.77403580908974	281.353995986283	569.441946703527	0.0024415320725723	4.29698247783817e-05	0.0755448469098192
13	0.841979830466314	0.30700427542751	0.838640779371684	0.891031915782951	300.721878450778	803.792487064169	0.0026087070702652	6.59793001096696e-05	0.0608250616304576
14	0.935404601768177	0.328926117003171	0.653736351921947	0.82339362506289	346.728480110566	893.68761336224	0.0022517851857778	4.50847530311439e-05	0.0215677817089018
15	0.914482808345929	0.443844024317546	0.562053206783409	0.686805141110284	941.054734279298	712.622824745874	0.0033681322704923	3.40760965126101e-05	0.0555744641080964
16	0.802217627446064	0.345796510928	0.656529947938397	0.613608660980438	477.035411368642	722.112555510054	0.0016339178084551	3.54979335304815e-05	0.0788405913580209
17	0.794612771368379	0.509988590780025	0.878474427972817	0.685666670779853	730.903533194214	816.028328902192	0.0015378257547194	6.65258461416233e-05	0.0674936013713013
18	0.830656358902343	0.406293159070321	0.824840987817281	0.819531676177091	837.713653422478	936.974778717591	0.0022768012655588	4.0876960638212e-05	0.0168018098338507
19	0.70991884741363	0.562961776461452	0.618855562583647	0.70989266814276	519.274558985813	429.229618697945	0.0038835169279715	1.91222017949913e-05	0.0391965233851224
20	0.588233116827905	0.427562386561185	0.704910041421859	0.660315800518729	405.552060314351	459.045463725924	0.0020355675917274	8.05423573248554e-05	0.0441639106185176
21	0.895068857135872	0.476331733407246	0.67847090720613	0.798768836603655	534.054408375588	393.893304231266	0.0036039762198226	7.1389229986351e-05	0.0174878624277189
22	1.32235754022064	0.387513589206048	0.682437626722579	0.792220213419447	770.419785597672	637.331166408128	0.002315053211688	1.53465919925366e-05	0.0353942291566636
23	1.3723042293193	0.55032415700559	0.783954371015231	0.809755190248446	465.040678597159	344.880551081151	0.0020085541888761	7.76633952190168e-05	0.0340666810462717
24	0.950917314039543	0.350548173817289	0.702464669374749	0.659962642663935	783.700474378549	501.606038893676	0.0023658766508568	7.68781198004726e-05	0.074460806990508
25	0.653534908859163	0.49165118520769	0.590959494260864	0.643951314580627	261.91582105226	301.357429220031	0.0025974589396578	5.37791710423771e-05	0.0925925163417123
26	1.42801193713417	0.400186891477141	0.629053943911567	0.609583842305001	495.934369804131	517.766842090835	0.001860098481155	5.02099735052325e-05	0.0885552518293262
27	0.51745373595299	0.365429596832643	0.888154115087042	0.663877273875599	473.630569001867	381.388891459339	0.003583528368726	2.52891800648067e-05	0.0232597359304782
28	1.2965385342767	0.362129470147192	0.758172749574814	0.681123521947302	639.98413424318	972.346345531858	0.0027102357758441	8.14657192481682e-05	0.0247614151276648
29	1.40005077918371	0.394021676989893	0.823271139929485	0.865878401853455	372.343545407057	955.122884325683	0.0032402574669569	2.14228857934941e-05	0.0806760617932305
30	0.882567863419859	0.3587279563511	0.542675836186649	0.783113404527927	678.137042501734	844.918268364337	0.0011743611733739	6.07815352550242e-05	0.0253434903919697
31	0.658875690022897	0.54321960143745	0.849863468154023	0.668340616034499	763.437823824998	682.563028904713	0.0021634568522761	3.6013912078226e-05	0.0228089262822177
32	1.12095727280765	0.237911325889743	0.806535751142849	0.716788498635093	439.463424806794	420.385711648398	0.001617744100086	3.32922679779585e-05	0.0561438598779496
33	0.961376523301523	0.352309037251398	0.720237249224964	0.733203149693242	929.056326169521	354.390257530742	0.0012433830085753	1.34714061543345e-05	0.0681340819164179
34	1.31750671274494	0.333511717554389	0.669377835749959	0.872256008101782	590.643550223774	279.191433704562	0.001977365478004	5.66799802943133e-05	0.0653279320625588
35	1.07291496423228	0.538226624397147	0.898151230376421	0.779435236924328	230.659833324866	472.056747817745	0.0014481867217458	5.14891093615442e-05	0.0729798428223003
36	0.761346987756487	0.581825845211537	0.833389209997323	0.834159877719358	633.838595456133	750.142528211905	0.0027612197546133	9.39240923705511e-05	0.0501942315027118
37	1.21184092224834	0.59088179291019	0.749385782158416	0.65587449378334	398.757078703493	992.358685241391	0.002962024302051	2.7928752837237e-05	0.0596706819459796
38	1.44998264921984	0.278795512474866	0.553436797918338	0.67084951931145	220.205217212852	282.069265399542	0.0016771117812022	7.93223025396001e-05	0.048036413268419
39	0.864131710975845	0.566932856324646	0.57592607917678	0.729057820754436	274.141701112191	483.792821131647	0.0015788324020725	2.3307223969372e-05	0.0494587256957311
40	1.16047646513002	0.525558585672536	0.522797716888082	0.800750373224728	851.753580303242	835.762445324411	0.0011012355751202	6.19988057189621e-05	0.0816273979831021
41	0.779028977552015	0.256208478403795	0.864131648451504	0.765423396974802	603.145897593349	789.28356030542	0.0034125937780831	3.82418199374806e-05	0.0797463224329986
42	0.506116626259043	0.234299144981843	0.712214579894725	0.650541874602592	821.312925443053	240.876768639104	0.0033126857298969	5.43453185025137e-05	0.082204350392567
43	0.99507325477122	0.22413129575861	0.502969984268356	0.745116795031354	595.028449474937	360.335462708026	0.0027806245709691	2.97313904913608e-05	0.037183882530313
44	1.22477114542594	0.29589243397841	0.757007686595122	0.804165325728245	502.668325263593	490.072268545628	0.0019485776555258	9.18089742348529e-05	0.0120397553709336
45	1.45830423158283	0.247548379043324	0.846351582330341	0.845979896433031	215.067667727255	377.419574674633	0.0028952015654727	2.66430550578516e-05	0.0574273193413392
46	1.47596577683257	0.445130478265799	0.800176286819494	0.600739721948436	847.492995520847	588.101705198901	0.0017910291368374	9.79320337432437e-05	0.0436689125276171
47	1.30551475258803	0.494535607617969	0.634581489399489	0.631586041459038	378.278001145356	922.504457775503	0.0017024286551866	9.51102238129824e-05	0.0906008282371331
48	0.685702513140212	0.306103616239917	0.661283700802467	0.889201967384045	918.69407021751	211.594676543027	0.0024723084937858	6.33787740478292e-05	0.0474375823067967
49	1.02492737727136	0.261859831398146	0.853943910464231	0.822126454222016	360.747948462764	703.215380176488	0.0010027392949365	8.21434094954748e-05	0.0834325214277487
50	0.599677264809402	0.298090532735611	0.649913216578878	0.867708034987251	985.656326005442	252.454902124074	0.0034481127806395	1.03069998617284e-05	0.0957659796599764
51	1.20331641776332	0.251285489502673	0.767595349104247	0.635248066369289	954.407885233975	266.609484294636	0.0028500620084116	4.95889841325115e-05	0.0299208629899658
52	1.33663856119642	0.312466078808324	0.58249236527106	0.711404895177111	560.018260532783	601.911240044153	0.0039493909956421	6.20788701104466e-05	0.0869823146262206
53	1.14597011936001	0.532655473833697	0.886073357685366	0.827017945218831	893.887628873603	563.651033716483	0.0038344994828725	5.2672628850909e-05	0.0669069147000555
54	0.817127869392021	0.486266571609303	0.603495376773385	0.831587026293855	310.370131598579	732.748303274728	0.0014964533903558	7.2730225085048e-05	0.0853492963502649
55	0.630571962807638	0.522454493902624	0.536605101707909	0.625365910122637	661.481376714591	959.521476245589	0.0020796488819411	5.73761991336942e-05	0.0510425209638197
56	0.668218300600226	0.410883794274802	0.533757687918842	0.789313851622089	923.951976199945	770.109278474831	0.0036594340999843	7.39010168185923e-05	0.0738508877223358
57	1.36106209925428	0.285143496945707	0.53065436261913	0.85776891644656	669.695236043384	882.467935215682	0.0031093886471741	7.08395768098999e-05	0.0196505759977736
58	1.08549174880868	0.340571814502279	0.892062312329395	0.884202921933805	974.976173579279	532.812817336785	0.001399510374898	4.70277209219057e-05	0.0622051927705761
59	1.18732090132156	0.263746187561709	0.739262994439859	0.619706050065191	830.637105753024	759.516964755538	0.0025204435618283	3.03516395098995e-05	0.0892132215567399
60	0.610557995022585	0.273464800011781	0.733940229694256	0.810637837174969	554.125805205355	446.973565628545	0.0013270009176029	2.86873805571813e-05	0.0203936001334805
61	1.38058423465635	0.482936433619923	0.548998562326241	0.758452590859185	883.48943448522	253.967502440015	0.0031404023106132	9.9832110645948e-05	0.0715599179118872
62	0.906458065542392	0.322274701974044	0.690498391419856	0.895742384539141	242.223542251935	665.938611465196	0.0039057132890758	3.18985208284575e-05	0.0332771791813429
63	1.34516691313022	0.503700081363527	0.816857366735737	0.795574842696078	331.886370417972	620.283883487185	0.0029788973155121	9.2512457258068e-05	0.0875626779093873
64	1.09342697110389	0.463013736676011	0.78616383792936	0.622920073405839	449.663806801869	334.911623526778	0.0029001147326702	4.38769796204288e-05	0.0451263943198137
65	0.752462224804589	0.591298799196051	0.513145685731951	0.882567740751741	723.047919147131	295.993686899957	0.0015044698287344	5.85808852876071e-05	0.0274879696664866
66	0.555884198588319	0.557416470433689	0.505492086308077	0.860371344552065	527.530086160534	885.079745368825	0.0032829634032057	2.49429003742989e-05	0.0360927231349051
67	1.28771713891118	0.220368768327559	0.87099684911987	0.751233229488134	958.240968218694	405.589881063335	0.0039998155810094	8.86472057562787e-05	0.0936583208427764
68	0.974787257153851	0.467582613916861	0.763073829485931	0.715247844556967	995.198624601795	740.45159863929	0.0037476988436188	1.25577158564702e-05	0.0149993727754336
69	0.54425152198722	0.419639983434851	0.723628753848995	0.85007811310313	904.950389437791	855.2361278298	0.0021257480726111	1.13917904810514e-05	0.0977352751498111
70	0.733571321105895	0.515907557393528	0.775149093635587	0.648283615544594	735.041442451378	320.975275116248	0.0037776108333375	9.00940794870257e-05	0.094013346437132
71	1.12647180941163	0.208310740834309	0.565567696628471	0.840131198111145	421.172762763583	631.006416113426	0.0022054841320573	4.45143029361498e-05	0.0980033002262935
72	1.48089898572976	0.456499112643715	0.57237340756899	0.63690105307304	693.032861155354	987.020387332886	0.0011635707298681	3.26477241280954e-05	0.0263964714205358
73	1.25220746924945	0.534475661336134	0.585348662052097	0.6963992713547	294.730590675026	764.571867854231	0.0035073225769757	7.82795218245592e-05	0.0282708257366903
74	1.27561181825586	0.459845596504294	0.748230994029178	0.839408730914195	970.356764083521	870.827654995438	0.0019231654341332	8.47367026682477e-05	0.0130687816657592
75	0.55367236655309	0.291674566147849	0.795288653082939	0.691387571160837	394.548747773386	662.110479116026	0.0036890171797635	8.66032640929334e-05	0.0389011043014471
76	1.25725672571765	0.599476516420643	0.831826175925218	0.703805318116987	866.513612069603	784.199428833607	0.0014151450759576	9.87946580061689e-05	0.0961485518759582
77	0.775751752750431	0.513572203558352	0.607229258745081	0.627738751534683	622.085701968107	328.34479080927	0.001043558168093	6.94077608655207e-05	0.0763251814253163
78	0.572980270159638	0.214538321070787	0.775652636308223	0.723717038652394	801.232949170387	908.076299397896	0.0010830188444505	8.73352014615666e-05	0.0704738394543529
79	0.730851706440767	0.375617274402951	0.874993424761213	0.815336637744525	572.703075253715	203.958446640107	0.0026682817377072	1.64043817496859e-05	0.0910297019071877
80	1.49473442968447	0.270681264694366	0.791028113507976	0.699537486408371	355.162929497245	861.439741616034	0.0031992978863728	1.79679432832636e-05	0.018064913545968
81	0.877610373468552	0.414906170752106	0.676740383675529	0.610313440847676	244.796069585201	916.636555929565	0.003801093644121	3.78344925767742e-05	0.0998335590569768
82	0.53065190799793	0.203400886230585	0.600506734294403	0.897584839183061	869.501749121894	981.053006286836	0.0034676171604155	1.48030354259536e-05	0.0411982153733261
83	0.618164215164466	0.571419418675618	0.812645601218359	0.735928157821763	794.53109415662	228.965402450413	0.0030142021461545	9.45071354252286e-05	0.0112770889496896
84	0.720440275532504	0.379757761431651	0.517401420609612	0.878928837240674	335.228953100741	224.532935418602	0.0033345654316091	8.94360036251601e-05	0.0612391720397864
85	1.39915501685658	0.228479402159444	0.56963534791126	0.876377318992745	575.313027658396	398.252806694557	0.0013567116845243	1.89212325487752e-05	0.0100348869082518
86	0.698516334050025	0.471797257348274	0.859983703005645	0.761227946104482	269.588264363507	939.367687931905	0.0012884457095526	4.68199363946915e-05	0.0403639242504723
87	1.04765942795461	0.244384839686876	0.519926301463404	0.604528974932618	893.070918981814	691.44325768989	0.002409193584059	8.34513835115358e-05	0.0329070898932405
88	1.43926618313158	0.212626190175199	0.864955665295323	0.673631836464629	204.179908755339	310.426012544582	0.0012201109694239	9.6929767298745e-05	0.0770474034266081
89	1.41763873649761	0.577525652786717	0.611673546098173	0.848536363672465	715.006525961475	616.828805367566	0.0032012890189187	2.25411226924043e-05	0.0692629091462586
0	1.08879397126775	0.366454622290189	0.873761177352351	0.627377161607235	539.142577166553	746.335999388955	0.0017658483929018	3.61135927644126e-05	0.0249791867541952
1	0.547469716302402	0.450229940837424	0.815263255923879	0.600127082309302	306.649009263746	625.413004957135	0.0018474126666395	1.63393998346954e-05	0.0426212595757304
2	0.679633381714156	0.501440825575014	0.82557683365724	0.767973383436469	650.286216012067	418.733639427449	0.0018688690839341	1.55130834210115e-05	0.0816712556018962
3	0.799660632065986	0.352509242588718	0.813607809621199	0.639325078742324	721.190187504026	383.86653558546	0.0010875179794215	2.87566154364965e-05	0.088986000589176
4	1.01242578062475	0.406246994086536	0.811750046857804	0.726279705086162	245.455984553618	843.5065372729	0.002746435756734	2.30316150461559e-05	0.0106230555554119
5	1.23444903916014	0.259023358271426	0.819519921850423	0.635198072422407	535.216433841993	694.494667297054	0.0013931414489849	2.04997723374142e-05	0.0862160338671894
6	0.706931801647448	0.551851031528206	0.812836022718285	0.769594317872034	819.617072556265	207.085630623557	0.0014340418478284	3.80563072297015e-05	0.086342275227074
7	1.40389939252739	0.347404797816131	0.871851677238761	0.752055815236817	526.569543302198	303.174357842191	0.0026223189874062	1.4675769165228e-05	0.030148170776506
8	0.555381152984103	0.53252076654733	0.846798857411936	0.751102374161815	738.985372435789	648.623411083228	0.0016356061192004	5.0849747314142e-05	0.0759401181521662
9	0.54659188509668	0.553328008175739	0.803679058496135	0.715486987715229	966.534340467276	227.196598967584	0.0025028035166391	3.09680372057827e-05	0.074726063309159
10	1.43460136011768	0.323384090862988	0.85671734726506	0.835473689208242	558.717436612289	837.364964688365	0.0010790263286614	2.54027393372306e-05	0.0888334510474838
11	1.38227894379558	0.301495457783534	0.854777047474073	0.710616364529889	674.986940063307	816.300844828508	0.0013971359911409	4.57806772067919e-05	0.0224491870701451
12	0.833012452081759	0.426792386589194	0.811258850490143	0.625258676486347	570.300960134042	716.756810316107	0.0020134657388999	2.23241254620774e-05	0.0845938550679585
13	1.19315051418848	0.31244739055028	0.831339692214665	0.737922778122904	216.208883498915	493.466490805287	0.002902445308584	3.18911863310399e-05	0.0663617469809645
14	0.784804520503685	0.427663449811334	0.885683322880757	0.77064682517226	844.231520522471	475.853340837528	0.002168319586298	1.49503334862733e-05	0.0399663845438669
15	1.27299153204813	0.370604849354861	0.792342259085468	0.670545259333323	239.262070806273	759.852930359905	0.0012672905679251	2.38257060781278e-05	0.0649115183224511
16	1.20009009372963	0.324074660832895	0.839704799034833	0.630882387755491	950.290312343192	823.297787585668	0.0014098436719855	1.27609706769978e-05	0.0823365318228606
17	0.877419925569297	0.480699613711646	0.895636783278373	0.892797833929631	429.210682008909	658.367534450273	0.0022935448255265	2.15204637491681e-05	0.0436736559525068
18	0.848892382939432	0.517619510390332	0.849168236977785	0.858415790108717	316.835169822573	439.335530129192	0.0028041987992315	1.37542919478166e-05	0.0424030080215675
19	0.979262231444155	0.301228722913122	0.804134149121916	0.722817379726643	380.02608670639	573.369847156274	0.0013693657484978	3.34209788348156e-05	0.0910066513972514
20	1.37161476529815	0.283844646098217	0.8137702813561	0.626176062528387	449.307832565227	453.603951885652	0.0016374314606246	4.27621408108176e-05	0.0224302858511001
21	1.21089307526964	0.361173513426732	0.844991340400495	0.628492771572455	658.506538515039	706.906519022239	0.0020052650906749	1.20073463332963e-05	0.0230027526243747
22	0.913885876300335	0.450965231468564	0.891185705300993	0.766469652148294	204.412331217913	437.326162912963	0.0033102687933315	1.24942264468762e-05	0.0917836186311392
23	0.870246771485133	0.350787373993436	0.808305323832667	0.75007540172308	717.325367201843	582.224246282739	0.0013386632942882	1.35793438936324e-05	0.0971606435670815
24	0.588747521490117	0.555581510758066	0.870083418813232	0.679622665600514	841.449915972712	635.996990984248	0.0015799963669825	1.12191500624318e-05	0.0898697775484118
25	0.582117005420292	0.54437334966429	0.801993894497494	0.807692202228725	922.616161654929	635.384682941593	0.0014752417768883	3.6350748153789e-05	0.0586036552259804
26	0.710656728169093	0.506303278428079	0.832582118542562	0.613318437181192	327.618993362376	204.082265437035	0.0022705489706512	1.70315669019545e-05	0.0128200214616644
27	1.41901058864041	0.245322916051153	0.846468120641221	0.774797828320112	889.431237177623	943.317709982427	0.0013636368109803	3.08521358130238e-05	0.0133806023750043
28	1.41634458297297	0.354268796310979	0.844373114818975	0.720829762505624	592.450796773102	293.535275853869	0.0010869453490834	1.83727832060598e-05	0.0561163101024717
29	0.983654781752676	0.326143587823184	0.863497213409817	0.645308012670541	327.257276092258	657.323861907281	0.0010983490792716	1.73426428615493e-05	0.0885032463563622
30	1.04492897887463	0.304926894967207	0.855787633418096	0.655650901928222	591.843898410716	507.55037395844	0.0014702917516659	2.44545173971456e-05	0.0203191736963657
31	0.92740697149177	0.474785784998165	0.769756405273329	0.850377040421398	619.992684344207	869.277567130434	0.0013269344927473	2.57475764663501e-05	0.0954679857268749
32	0.832765724131898	0.503245768711066	0.804495476520913	0.796206570524597	691.145507136272	960.845601986455	0.0010442457153475	5.05150531203823e-05	0.0763153428496068
33	0.742916298511397	0.313423560032459	0.848058820904161	0.753296389813318	873.600340911896	770.746024102041	0.0010408548186471	5.02102107481898e-05	0.02644994233314
34	1.1832327303801	0.340930438330284	0.827103486624932	0.698476179533719	831.126080225739	908.09712337032	0.0013458384588696	2.10591859419188e-05	0.0152664584690419
35	0.622743950051878	0.572961304059111	0.862721238340792	0.73940140346472	755.697653755702	422.765496170807	0.0018271617547435	1.01405593759101e-05	0.0229865936236155
36	0.936471691152404	0.315845736216839	0.821008234425559	0.671534789178491	693.49892349781	412.261565961594	0.0011690532007648	5.14103924853481e-05	0.091959307190425
37	0.654392993079596	0.407658312652619	0.821269023113934	0.742574506653163	675.999940608273	204.643405262671	0.0019459274384303	1.61551883580058e-05	0.0681398208024774
38	0.545391954818965	0.590595092255588	0.870362489979407	0.615044077617192	957.968467168937	782.728577845187	0.0021130429260749	2.95674739930565e-05	0.047256667309711
39	0.620337004278201	0.429479039886335	0.877533252985735	0.695173204109246	306.261786893332	646.789690188705	0.0032628367187742	1.30328424317313e-05	0.0160965069478753
40	0.790719958200076	0.38854290535027	0.829703353217105	0.741021852627441	283.324035509777	461.01173067071	0.0034974378022134	2.66359612174236e-05	0.0679207939586289
41	1.16447452273067	0.3629291241347	0.798050510687312	0.713749371946216	331.021270724647	664.452356233019	0.0017095247478531	4.08170809576377e-05	0.0154245183332488
42	1.04156919339322	0.326233243486182	0.829763730201686	0.635061001918351	821.598423018357	890.620322634835	0.00115351230129	1.34273944909309e-05	0.0864027545308908
43	0.898356047280534	0.385399675381791	0.855154392954316	0.659850623566963	910.486019867505	516.94682308852	0.0017262510697809	1.87781412015986e-05	0.0339282314976042
44	0.588843079226403	0.354595670045477	0.799146681990165	0.668767460955789	392.986725596874	576.443280004696	0.0018834387130835	6.37518186254002e-05	0.086276298602505
45	0.639871390126236	0.335241445252822	0.757016416552939	0.641545782537224	318.939286609165	285.44722894774	0.0030431845417604	1.45433524790626e-05	0.0617994713123204
46	0.658057815891561	0.381960751468931	0.797623735895596	0.626942988207222	925.284494233311	856.120292368177	0.0012449644802825	2.09162109077507e-05	0.057259453501808
47	1.17597534817031	0.359151291848185	0.819078966075335	0.725775028131409	266.785506235195	894.96259202572	0.0029691843505438	1.9667943246648e-05	0.0429513016076631
48	0.74383202414848	0.440420459507962	0.748249061130776	0.709660836678209	223.585977626884	363.725931221085	0.0013566167423938	4.18213329301173e-05	0.0599288347597077
49	0.593666449838903	0.383022686280119	0.781779450976035	0.715752326941677	558.801274508556	549.436268193579	0.0017053781316035	1.82944008670515e-05	0.0226773865087485
50	0.901381389035379	0.244506714326454	0.805727879018946	0.639339816744654	218.988482352261	757.067659715392	0.0022978394649558	3.0330364914308e-05	0.0162699997409586
51	1.48800367935403	0.290095017186404	0.813467310093979	0.81763279906621	543.610890437255	432.98491803456	0.0010717001419628	2.88344362592273e-05	0.0663183286720878
52	0.927779476820853	0.280809826189092	0.866679799541143	0.603491036646993	925.148063933779	939.773175236726	0.0010703084373926	2.86938128636439e-05	0.066186278988009
53	1.00278438366389	0.40881660188923	0.8219677416716	0.633493578486754	347.631504589416	330.1295134228	0.0021462671113076	2.76085132890891e-05	0.0277778419317564
54	0.841657469436765	0.371750806714757	0.810017781386209	0.679385927636222	486.856749844557	992.156046444677	0.0014454993483978	3.84288373550567e-05	0.0801731313607964
55	1.22668314120246	0.365216710001883	0.854436170993593	0.652639861974535	402.95239819918	919.338036129818	0.0021447618785129	4.06393764616514e-05	0.0682265204932651
56	0.797046327294484	0.468848323176427	0.854162393203478	0.798191150159931	766.26336529991	329.774688523088	0.0022657983303494	2.6994808730906e-05	0.0269612484891828
57	1.18167248168016	0.390330660017695	0.86103515285621	0.87521730671625	568.158636781282	703.392766610562	0.0028129245506089	1.41899625889573e-05	0.0719092330632408
58	0.975587657331165	0.424117563424919	0.790300342210175	0.612952732823193	208.061343132661	746.741880060564	0.0031733048709061	3.89504395770821e-05	0.0123307507022115
59	0.708112865705544	0.557548598156969	0.857354225844285	0.71148396518593	859.965663624579	572.098615915494	0.0012843801549088	6.05228312227052e-05	0.0152821638765865
60	0.635345832705963	0.325161085863425	0.846653375790747	0.688829324672785	206.578610180541	788.281730482725	0.0019917014027421	1.55391501117663e-05	0.0347972457514914
61	1.1477725783705	0.29124212235365	0.846001751860996	0.683897432625005	688.623533701277	470.867737709273	0.0013944908752397	1.85496992111041e-05	0.0420142757560621
62	1.01644092705675	0.414135288967336	0.798313411410105	0.608472391382994	309.26711317783	969.755041768017	0.0022219163376772	5.40816956218986e-05	0.0644405734390382
63	0.950448159440781	0.439643926366656	0.813557702503945	0.705224236755234	275.308281692419	736.387124120107	0.0026363519208878	2.51054454464362e-05	0.0734829628648832
64	0.697847744468623	0.456968286888061	0.812059260670533	0.666731075003834	559.249687497767	684.723917844222	0.0010471511617679	5.96768224648159e-05	0.0181801900708602
65	0.98685606645586	0.370683999623741	0.88253256276502	0.643953117327759	935.899857538076	721.427590290379	0.0018893685941583	1.80012949518068e-05	0.0490819687896121
66	1.25196524866993	0.363227054676755	0.857905145369709	0.892312931543869	700.651131459323	672.978359306892	0.0016721978816634	2.705312644836e-05	0.0780453636288056
67	1.01526201616456	0.4069077273054	0.868717788710435	0.647119696072655	242.572175971261	857.075527328007	0.0025444129171888	1.66378762034524e-05	0.0520343046710188
68	0.919177175404961	0.398188757031053	0.831667663551359	0.872990824139172	293.311238787038	224.886481519226	0.0024898369914666	1.14604709899594e-05	0.0289944933274246
69	0.652679515384141	0.395779384739512	0.816870019819016	0.744152719708354	488.709106101697	554.061277184278	0.0016652288960321	2.65591088488531e-05	0.0282037701915309
70	1.07955236108181	0.385301730515327	0.867549852320695	0.809923939101768	850.812855737984	231.64319490318	0.0011003772110683	4.06443806371287e-05	0.0144889601935631
71	0.894946892775393	0.544230028234738	0.803452810194381	0.80362383245137	237.685270114362	229.931507387915	0.003143749611693	2.06904390672662e-05	0.0256390840029551
72	1.25091410123473	0.310163492043203	0.794785274117998	0.723469263803586	825.409048240388	313.647467543138	0.0015439176981058	2.38479937696588e-05	0.0805602306009454
73	0.914444265599127	0.457790831596533	0.82523982551113	0.688346815378149	915.279295481894	674.209868032611	0.0012444626294651	4.92316504110463e-05	0.0563050659594527
74	0.631621244132473	0.549777338937714	0.788888930336397	0.606006322008872	445.555922330232	891.158989308493	0.0023248443800114	4.3287218628286e-05	0.0830572281651846
75	0.620194221530293	0.421406820410043	0.806008192321045	0.602651880622611	206.730015109785	587.252205680244	0.0030761684719879	2.7496540962078e-05	0.0815369233608421
76	0.756450186592685	0.432248208200141	0.770332280410927	0.64468724074758	677.004388989802	710.402396570682	0.0012023347828073	5.0006247590926e-05	0.0408114642498786
77	0.512819075728031	0.414430414107402	0.837954301914496	0.686455678430547	289.114977852769	887.160717375985	0.0027182506445335	2.90030551748522e-05	0.041308349533486
78	0.844139893465848	0.384994048427184	0.808195114691705	0.783475367900673	371.064135671683	411.235877207556	0.0015016725841765	1.79988654087945e-05	0.0495250199779321
79	0.861900124411868	0.458195075512921	0.831134416909154	0.634044687123854	397.655934561828	670.360047909134	0.0015730682310396	2.68445560347991e-05	0.0885428945514522
80	0.851743466158966	0.273241114250751	0.855563847902546	0.691953396932862	497.670810844028	310.203840007401	0.0011118775784815	1.93966132288931e-05	0.0622110364422703
81	0.553158937933568	0.536672230752028	0.779900130728161	0.712502929072489	342.52993262911	534.674959550624	0.0014310917382965	4.35515904416719e-05	0.0760763694008497
82	1.16830622670601	0.345362723175387	0.837531136578815	0.826748401784821	516.337037327494	613.54662316166	0.0014697532319771	3.08834686991802e-05	0.0338193243397908
83	0.632544807116043	0.50936992396984	0.7824594631491	0.734533903222744	657.409044158675	598.54742325062	0.002243590196133	2.62164952042952e-05	0.0901549406361494
84	1.38746312277929	0.307605569334718	0.817200271534133	0.640579741748319	348.353469698878	667.195447366306	0.0017961774061918	5.15185052663899e-05	0.0159899382954661
85	1.29403312723006	0.262654575740436	0.813588812282455	0.735275887581362	426.966848369542	491.270984483787	0.0011518101253385	2.29674318672266e-05	0.0165115186814933
86	1.07660170979135	0.251563066918851	0.796507788061637	0.618908815329793	252.321513682033	949.459128735886	0.0020675831061268	3.71233284314784e-05	0.0476126686863037
87	1.01678094063433	0.438093329640574	0.80501531937226	0.701213730870817	627.965495133882	816.530749411451	0.0012991561157175	1.20445484120068e-05	0.0875820025567494
88	1.10640965354594	0.3245541761539	0.864261520630455	0.60806885364872	277.940481552894	776.027064808715	0.0025343527758203	5.55480517166909e-05	0.0609603681307727
89	1.22662145556951	0.3938225003099	0.838429012984798	0.708578803610543	285.044393311206	567.190474377512	0.0028207933252219	2.90970457660623e-05	0.088295221211214
0	1.02489956979584	0.359781406716334	0.829774958768765	0.697822852238379	281.654400853948	472.887595124299	0.0028699332974947	1.2019066250121e-05	0.0678364939026499
1	0.598306394047564	0.548097268388109	0.818039024921168	0.696944805509576	337.686540221217	694.903772901588	0.0022340577902342	1.72295642336141e-05	0.0711878810686496
2	1.48041965258095	0.305818837020637	0.815828540504319	0.85268939296533	966.18714301349	686.035422944008	0.0015462314980351	2.20789169118166e-05	0.011486475888904
3	1.26224564853912	0.374315965761418	0.854320082508809	0.826984504008059	833.194607201193	458.507720763767	0.0017746090289832	2.69671860371876e-05	0.0838730969805587
4	0.900118115484647	0.445388584621776	0.842755212083784	0.649563600634478	294.404939153461	932.621854634614	0.0029413451452214	3.63502091843697e-05	0.069614628706221
5	0.819461370130956	0.517760794748638	0.812611323619738	0.697843204736904	320.872295737651	973.661589069335	0.0028861806892299	1.62767788133459e-05	0.0633327953215107
6	0.58116590592966	0.546219418725456	0.82363484189958	0.61442643821168	841.666976458166	962.773259275839	0.0015604530498568	3.58474955068233e-05	0.0663334215142541
7	1.19134806008677	0.41016712523312	0.800587410277941	0.784503391447169	391.998033010894	878.915427415857	0.0035402873808838	2.3043685122192e-05	0.0305601371716077
8	1.48000770150555	0.317586515704196	0.808361015975683	0.731155670884075	443.40383453424	438.987015993182	0.0014536358419678	4.39689644406726e-05	0.0825743876595556
9	1.39760069920348	0.316124413331207	0.831482136464267	0.646550139125772	281.636506523152	529.486954182382	0.0019925187708003	2.10277479631703e-05	0.0754971264516814
10	0.920976313704302	0.441049103949039	0.809696249856236	0.665616064257738	837.711015612607	861.075129228865	0.0015468505056072	2.75540026275798e-05	0.0113007049279206
11	0.911935422756506	0.449482730006026	0.845853852790342	0.752518930660041	435.728258496526	801.860016525511	0.0023070722469079	1.57151975891548e-05	0.0288849670064938
12	1.3129319780591	0.346367359793561	0.853590521016372	0.727508168541058	886.146307489304	813.639501004675	0.0023673019475076	1.98772538911688e-05	0.0632900854404398
13	0.655567341148251	0.590662717784889	0.830680018754868	0.738878689808171	735.666937966362	946.961571630286	0.0016217159467549	3.36566720956772e-05	0.0589625299263638
14	1.04388601164249	0.426518176165021	0.806640751341787	0.652831781890997	313.53536325897	797.470691079713	0.0027812812773766	2.90733836022217e-05	0.0755154893081979
15	0.892164139076284	0.420874354231173	0.820256032089801	0.6793243466155	272.717284467144	788.302144601929	0.0026251536258171	1.94466558997006e-05	0.0225039258580238
16	0.953316294213161	0.435941625001531	0.811497826473216	0.652106320388396	263.795711080602	412.097062619297	0.0027354231553322	1.04679380419408e-05	0.0301107681554986
17	1.17366685672524	0.368583865922503	0.812409774654244	0.644723866821164	318.18042081802	623.807944252861	0.002456674443985	2.40116568206426e-05	0.0979076595070121
18	0.899956127712516	0.457711878490902	0.848564136536017	0.703278776406366	601.054762736518	997.769237671566	0.0019939326667297	3.68476674028283e-05	0.0710750109554943
19	1.39157560236592	0.28930188076873	0.829109847671836	0.691899618069738	355.532136573034	597.660790113909	0.0023622736661354	3.91702215594518e-05	0.0946937387537424
20	0.760522553703863	0.485728901184235	0.84296983459356	0.672016464330737	887.201639330575	883.625630060575	0.0020493806312917	1.63077974729282e-05	0.0792679223371752
21	0.759877142639558	0.477924983095381	0.836360751286799	0.651879065936484	395.666750254849	965.351360063196	0.0018242696500898	5.73794962902868e-05	0.0419859091054727
22	1.10186097196901	0.329880954959329	0.81408871972271	0.660727612055504	420.894544405561	792.432580912287	0.0027070880075743	1.0810206325518e-05	0.0994814331896279
23	1.48906048547624	0.29722282052225	0.839874817827159	0.658440404254567	708.565092935988	498.3176285508	0.0015136492993657	2.55772906689646e-05	0.0590424686515486
24	0.502764781181306	0.560507475528181	0.823653152199861	0.615952171225509	311.023236304786	891.731515415656	0.0025067603233561	2.09584707520488e-05	0.037291438535029
25	1.10020900664337	0.414391733887279	0.844413430811223	0.822921086068464	503.046495052793	220.91096845716	0.0021149965627602	1.8963624288357e-05	0.0144019675744003
26	1.32003967273731	0.321750369055492	0.837252930819065	0.705501046565689	503.809374267289	768.012779884298	0.0022858431740014	1.46757464256089e-05	0.0536175081759222
27	0.634707783527096	0.551567446148796	0.854265793156451	0.715259224690925	314.553611108683	600.056296359683	0.0026529447909346	2.67281272955119e-05	0.0243584890508479
28	0.75059282473195	0.463659099909129	0.831725039846731	0.637585046563235	340.08526092492	935.322503461871	0.0022815170184069	2.20942834304773e-05	0.0624752073817717
29	1.14072265078772	0.318447409267395	0.85198024138662	0.695392454665712	519.488045706901	711.874115608428	0.0022617012969904	2.41955643606027e-05	0.0756997972415883
30	0.640065039716743	0.580833676752012	0.815175940369092	0.733471536315558	514.880469230087	951.225803618661	0.0021508739978619	2.25052533758843e-05	0.0521142710523568
31	0.725188967654934	0.486590252092952	0.822451442099468	0.612422495165124	287.503298688544	714.773052418975	0.0032890765265371	1.03668067394786e-05	0.0616208460914781
32	1.43844965032368	0.307156299374697	0.838131451144836	0.762027049076177	424.158788246437	321.048402527845	0.0023017576334248	3.0777830566535e-05	0.0632725476278247
33	0.896892641249696	0.404923622265307	0.835417076453927	0.719994411545265	538.754376639788	674.839960447645	0.0024351771749317	1.34396347868018e-05	0.064478770786003
34	0.987552629293375	0.36625400687222	0.844391054138605	0.725215412567791	622.576428660921	702.707085203971	0.0022593707859242	1.04609442709557e-05	0.092288528304054
35	1.4062287130498	0.319758143171643	0.82774710835919	0.701618561353345	200.219385108963	367.766666214967	0.0024737620636987	1.80251692250452e-05	0.0303573680087995
36	0.683212474732566	0.53334693060707	0.799421854312604	0.616749918214281	430.799419424577	676.123434141576	0.0026189684219478	2.14067172405358e-05	0.0595399992571634
37	0.865118838397239	0.463461110941994	0.835328924734643	0.647555138504409	335.136419231499	791.312426375408	0.0035155203496917	2.36338309215541e-05	0.0869101722086436
38	0.733235077268139	0.535637484319243	0.83687759210389	0.691607785127336	328.0359063613	645.759421148655	0.0024646629653359	2.10939915637157e-05	0.0602537319600249
39	0.715699803365076	0.477403496047	0.801718316020584	0.743566023100468	455.136511253345	630.801972573301	0.0016455713477921	2.16950741540511e-05	0.019039392310326
40	0.75066486229818	0.492324581372127	0.854751044326928	0.66788826505409	383.100468839196	645.836674914315	0.0025304031354108	1.07598929893206e-05	0.0750098720088233
41	0.79623398021692	0.462021722490148	0.800519099565365	0.72062177116163	561.746789186479	971.457849276358	0.0020950484598221	1.68154877084843e-05	0.031726401315747
42	0.686808813019122	0.586954600275403	0.813249198916227	0.72008063959268	435.118223353534	320.13700290593	0.0018367142090466	1.65070486129706e-05	0.0772079787925183
43	1.44895129109311	0.301379269238394	0.853466272567901	0.791836342300341	838.471425926385	472.797918667891	0.0018718541711966	2.23961864002401e-05	0.01308438324889
44	1.06631684010174	0.384779989409011	0.825497065404791	0.792858988237511	410.72464663878	521.094006076223	0.0024184503596689	1.67946776332944e-05	0.0372495656255532
45	1.33084579427788	0.33947222478694	0.83395418052016	0.679295924402572	375.971144796556	457.897782880743	0.0016838598834642	4.4064645005096e-05	0.0680870892825531
46	0.577312175006851	0.571219693378986	0.781128716923552	0.659041255538957	374.383930863223	993.946324716571	0.0025714110584721	2.92445280917255e-05	0.033642030161076
47	1.00294073341662	0.424543790050892	0.807191065194918	0.718741751740364	239.124935390453	302.280181326634	0.0022811764074287	1.53753837722852e-05	0.0716885567676542
48	0.72343339594029	0.537631147855504	0.841283513592341	0.761740504168855	532.406549985897	820.581811142283	0.002091672556048	1.93345810600186e-05	0.0589723237527646
49	0.736335789624947	0.505429083174853	0.783571146522411	0.652699677757654	427.003984252201	810.546419775307	0.0018919599587322	1.55159739674122e-05	0.0132888832326558
50	0.90871978407076	0.44883048340048	0.855528574491867	0.727408304247881	374.237326207723	292.839571135291	0.0020854177675943	2.35908341486067e-05	0.0759540339533662
51	0.622506244095611	0.497519213122678	0.805424964908425	0.656598577331822	390.425926098853	934.921610086983	0.0031632119307033	1.48411709741241e-05	0.0810607227801935
52	0.619095736979607	0.558487310762089	0.816441740901197	0.788443610807779	597.532077291943	742.995799649629	0.002253431962007	1.27530519453967e-05	0.0196614056960858
53	0.785551374252324	0.483320223877876	0.852350562025959	0.767029822183851	229.132564730772	915.623067895518	0.0030032873670357	2.07814017468996e-05	0.0538079901625379
54	0.760874011295395	0.562988978681178	0.794267546773465	0.675291417761059	443.082161456798	325.544528273798	0.0018291177599814	1.77634870763409e-05	0.0953650147865237
55	1.30469110412473	0.317593876132422	0.836954301711539	0.648203696256211	338.211865062474	373.975266419138	0.0026082112060907	2.11306419432407e-05	0.0846544062731541
56	0.707431479100233	0.521543147068698	0.82727766265619	0.616485809153712	298.124453717364	690.680203450111	0.0021321218978142	1.78764923938641e-05	0.0958301336232561
57	1.36257717201811	0.315111830096188	0.843654280647829	0.664800447332366	255.608582958309	831.503246670563	0.002739593443859	2.93526417581364e-05	0.0843482083608079
58	0.70979028701541	0.5598349487193	0.85406907316812	0.743880649360142	661.965136469059	625.571017055937	0.0021449890681193	1.46786754953557e-05	0.0931563467323608
59	0.679810070035335	0.528675934158294	0.852810830180005	0.862194678324824	927.475214152907	848.998645857029	0.0019981357264554	1.87162327196977e-05	0.0330259385346538
60	0.812750430838918	0.478022009359597	0.848508785419506	0.778260458624088	994.558895872134	774.73001120575	0.001944899191788	1.21916782274893e-05	0.0294641483774463
61	1.07445358912507	0.399327486901511	0.833044166007743	0.777242700569399	512.293564146386	836.463420795592	0.0029867739123966	1.98676138367125e-05	0.0140945803411047
62	0.804041812466686	0.504728386951829	0.833043099153786	0.692741910708872	549.925425580786	876.32814103677	0.0024423280810146	2.93269774542093e-05	0.0818987865875324
63	0.717884325709906	0.482242760762459	0.849944441002804	0.64725695725395	257.837412488082	975.707012052809	0.0029281764657546	1.85642311546922e-05	0.0773072848656824
64	0.925204845650872	0.449153218882866	0.800564230889758	0.627128340962131	824.556419248313	999.327853089734	0.0016072607204724	3.92565553877151e-05	0.0803629460646075
65	0.80380140491247	0.487525707858106	0.812191102732533	0.66014573362429	591.160400383165	942.093861383684	0.0020439000622023	2.76785475374896e-05	0.0755636390604188
66	1.43580425114228	0.341971526614237	0.831887166854697	0.847533223037466	705.697706840577	953.581155522452	0.0017152544773734	3.49802393752164e-05	0.0136511940185783
67	1.07400668370684	0.367232380471877	0.831240093692753	0.745766102590735	464.506868277765	520.708541859571	0.0020957197641131	2.34343508657474e-05	0.0534745496116786
68	1.0573256728114	0.447845692334267	0.842447086321843	0.7823019422423	796.926995772478	865.939980781752	0.0021125277855361	2.60414754804003e-05	0.0856892579491954
69	0.862147343563675	0.513176616083298	0.813497674182435	0.658901356922523	244.462664345707	718.429256960513	0.0032926333475586	1.07100864226017e-05	0.0650378868379428
70	1.44904139466493	0.322596790599891	0.873222292496308	0.802318282732157	565.191284425886	817.944219014771	0.002778865500283	2.20081851147285e-05	0.0261720555462942
71	1.14224706165506	0.384707454581567	0.81605322708147	0.618227345158835	286.240064390233	371.884973115345	0.0031544772347445	1.12163870668319e-05	0.0498274728101281
72	0.997028154158243	0.382765145651612	0.842591548359063	0.691487338495463	566.777345176596	767.369908736979	0.0023144756146397	1.52390972794709e-05	0.0570958239568905
73	0.895611936623987	0.438859493278434	0.860455543979115	0.870291316119554	977.309499254511	400.451175860946	0.0014850006028919	3.16246935035999e-05	0.0344636159125742
74	0.621786942908854	0.556502908997911	0.799452442127091	0.686308107061039	842.030125053979	966.062867752371	0.0017568501786532	2.68263003611374e-05	0.0828460115319767
75	0.871548119274433	0.494045141981781	0.849671189788838	0.878273830680819	927.290153768509	580.072525601978	0.0015813971121709	2.61774943817111e-05	0.0286355968208799
76	1.46266787416013	0.30858919381179	0.844840563671367	0.647795050302964	365.044809062773	782.789376393908	0.0025243327507403	4.35433424644243e-05	0.0919937832731233
77	1.43896732756341	0.324796213022099	0.816159496718483	0.719626620046076	417.647239725551	887.094779207656	0.0026180210029991	1.99610318544586e-05	0.0212338606757264
78	0.770892811445287	0.509787874963665	0.78964157229628	0.690860362784132	664.768639131437	756.538216951322	0.0015535079856982	2.89251319632711e-05	0.0967551697580206
79	0.612937398700291	0.520402246110452	0.791473554416751	0.665678358155333	464.250730541738	987.70126793588	0.0030030468061162	2.65548612008999e-05	0.0608585360720948
80	0.775552190639151	0.503175436697539	0.827372383671429	0.651192980510015	760.325965590675	903.957974416936	0.0025083025860632	1.75054085609537e-05	0.0887614432014801
81	1.44145289523529	0.341426351614686	0.83901726474454	0.654087869680629	278.927008186805	985.709073802556	0.0023381477953873	5.07854249614576e-05	0.0736298416983816
82	1.20028662552757	0.374382260153089	0.801480185148937	0.739175195269698	663.089871757264	833.122926070302	0.0019807261621136	2.33424539972975e-05	0.0332220945569707
83	0.85406450788605	0.421677519906825	0.867042213682191	0.783551950633494	594.267310232722	864.519487344719	0.0023652884250684	3.03491140425655e-05	0.0123899176949662
84	0.671710695377957	0.536458945783593	0.806537625565114	0.660941107064055	248.524120576209	534.309228151588	0.0029749050474481	1.20221120401319e-05	0.0474800289119592
85	1.15679530650214	0.378305115325342	0.838697700346705	0.817227832763303	741.982199329252	788.623013473427	0.0019581091896769	1.78543654464103e-05	0.0173458395786827
86	1.37627307924363	0.271579638509847	0.802116001607933	0.689712596464216	215.073394034514	390.760678854867	0.0028151378664291	1.90744846061673e-05	0.0137277551788245
87	0.65579172452129	0.515310258884549	0.85997064705572	0.727149006514997	436.69129495461	458.421223697904	0.0022946152650394	1.69790631261003e-05	0.087616766455546
88	1.1551692711733	0.400226601265458	0.806549718095354	0.804911923507447	346.729403346929	563.274047117768	0.002213279232247	2.94030228115196e-05	0.0322326031965017
89	1.47135050743773	0.331622722811605	0.82778641457067	0.653707621919707	565.656284405837	908.923599114557	0.0022611955180573	2.5955715204585e-05	0.0901795299321948
